500 0.0009778
1000 0.0004266
1500 0.0006675
2000 0.0009154
2500 0.0020642
3000 0.0053248
3500 0.0123944
4000 0.0074316
4500 0.0019822
5000 0.0014477
5500 0.0014358
6000 0.0012904
6500 0.0019698
7000 0.0014321
7500 0.0010711
8000 0.0013026
8500 0.0024397
9000 0.0019283
9500 0.0024450
10000 0.0031131
10500 0.0023261
11000 0.0025181
11500 0.0034533
12000 0.0026842
12500 0.0027197
13000 0.0037795
13500 0.0071668
14000 0.0032479
14500 0.0033249
15000 0.0074237
15500 0.0043520
16000 0.0037840
16500 0.0048905
17000 0.0040782
17500 0.0058816
18000 0.0042334
18500 0.0045097
19000 0.0053116
19500 0.0048636
20000 0.0061900
20500 0.0053978
21000 0.0081230
21500 0.0052743
22000 0.0079132
22500 0.0060470
23000 0.0072002
23500 0.0060536
24000 0.0066086
24500 0.0069006
25000 0.0057983
25500 0.0064325
26000 0.0058449
26500 0.0072725
27000 0.0058832
27500 0.0064750
28000 0.0085015
28500 0.0076009
29000 0.0086503
29500 0.0077619
30000 0.0067165
30500 0.0075604
31000 0.0098002
31500 0.0076698
32000 0.0085380
32500 0.0092910
33000 0.0092414
33500 0.0091317
34000 0.0098276
34500 0.0103850
35000 0.0100107
35500 0.0095316
36000 0.0165822
36500 0.0121312
37000 0.0119993
37500 0.0179093
38000 0.0146539
38500 0.0136215
39000 0.0105910
39500 0.0098393
40000 0.0102568
40500 0.0100625
41000 0.0117029
41500 0.0124972
42000 0.0141656
42500 0.0120132
43000 0.0114491
43500 0.0122705
44000 0.0125086
44500 0.0120102
45000 0.0138611
45500 0.0133133
46000 0.0141098
46500 0.0131641
47000 0.0123045
47500 0.0134747
48000 0.0136764
48500 0.0171072
49000 0.0164512
49500 0.0140075
50000 0.0129432
50500 0.0140360
51000 0.0180387
51500 0.0294566
52000 0.0263942
52500 0.0721776
53000 0.0362940
53500 0.0280987
54000 0.0330152
54500 0.0159421
55000 0.0167101
55500 0.0196411
56000 0.0198490
56500 0.0154068
57000 0.0199163
57500 0.0204826
58000 0.0159758
58500 0.0181779
59000 0.0204787
59500 0.0161302
60000 0.0190682
60500 0.0187896
61000 0.0193465
61500 0.0226991
62000 0.0219537
62500 0.0246323
63000 0.0316352
63500 0.0228986
64000 0.0299711
64500 0.0283060
65000 0.0275582
65500 0.0256890
66000 0.0292400
66500 0.0220213
67000 0.0233233
67500 0.0211514
68000 0.0216350
68500 0.0215193
69000 0.0252975
69500 0.0230096
70000 0.0219352
70500 0.0222323
71000 0.0250209
71500 0.0239994
72000 0.0235222
72500 0.0231493
73000 0.0369458
73500 0.0308738
74000 0.0297942
74500 0.0330774
75000 0.0247448
75500 0.0246506
76000 0.0277097
76500 0.0263231
77000 0.0292541
77500 0.0269334
78000 0.0270554
78500 0.0294790
79000 0.0362348
79500 0.0404126
80000 0.0304655
80500 0.0408597
81000 0.0372077
81500 0.0386548
82000 0.0351883
82500 0.0702950
83000 0.0326708
83500 0.0358647
84000 0.0356856
84500 0.0470832
85000 0.0368913
85500 0.0414926
86000 0.0324569
86500 0.0315206
87000 0.0305772
87500 0.0302540
88000 0.0321992
88500 0.0293435
89000 0.0275651
89500 0.0314401
90000 0.0451134
90500 0.0499201
91000 0.0316566
91500 0.0279888
92000 0.0276576
92500 0.0439875
93000 0.0793372
93500 0.1211311
94000 0.0811950
94500 0.0755736
95000 0.0466869
95500 0.0375768
96000 0.0327286
96500 0.0351364
97000 0.0346813
97500 0.0352125
98000 0.0431826
98500 0.0435529
99000 0.0389722
99500 0.0410402
100000 0.0404352
