500 0.0010995
1000 0.0004490
1500 0.0005945
2000 0.0010670
2500 0.0011944
3000 0.0012894
3500 0.0047912
4000 0.0068015
4500 0.0080317
5000 0.0085428
5500 0.0101767
6000 0.0106815
6500 0.0157054
7000 0.0050562
7500 0.0036088
8000 0.0039157
8500 0.0030477
9000 0.0039280
9500 0.0042723
10000 0.0038184
10500 0.0048114
11000 0.0046443
11500 0.0212608
12000 0.0247785
12500 0.0211155
13000 0.0284394
13500 0.0228688
14000 0.0039368
14500 0.0044922
15000 0.0043490
15500 0.0040645
16000 0.0042669
16500 0.0045738
17000 0.0078246
17500 0.0052228
18000 0.0032498
18500 0.0040176
19000 0.0037200
19500 0.0036222
20000 0.0039079
20500 0.0037424
21000 0.0041289
21500 0.0039102
22000 0.0042210
22500 0.0044044
23000 0.0045479
23500 0.0057350
24000 0.0064812
24500 0.0065823
25000 0.0063010
25500 0.0060793
26000 0.0088743
26500 0.0090423
27000 0.0078445
27500 0.0081967
28000 0.0086190
28500 0.0092900
29000 0.0088425
29500 0.0089648
30000 0.0088294
30500 0.0098730
31000 0.0130036
31500 0.0103389
32000 0.0084055
32500 0.0094382
33000 0.0164193
33500 0.0098404
34000 0.0096316
34500 0.0113185
35000 0.0113689
35500 0.0115311
36000 0.0130125
36500 0.0113599
37000 0.0131012
37500 0.0118787
38000 0.0122421
38500 0.0119621
39000 0.0122617
39500 0.0122447
40000 0.0115986
40500 0.0085314
41000 0.0103874
41500 0.0120315
42000 0.0101193
42500 0.0089304
43000 0.0100136
43500 0.0150477
44000 0.0096313
44500 0.0092756
45000 0.0094161
45500 0.0123420
46000 0.0131349
46500 0.0101224
47000 0.0108786
47500 0.0101443
48000 0.0104914
48500 0.0108532
49000 0.0115752
49500 0.0117424
50000 0.0250399
50500 0.0313150
51000 0.0198118
51500 0.0201940
52000 0.0177551
52500 0.0206062
53000 0.0338488
53500 0.0115201
54000 0.0145273
54500 0.0167057
55000 0.0119676
55500 0.0121433
56000 0.0142678
56500 0.0121446
57000 0.0126642
57500 0.0167898
58000 0.0151362
58500 0.0128206
59000 0.0127751
59500 0.0129575
60000 0.0133130
60500 0.0132963
61000 0.0174734
61500 0.0150641
62000 0.0138216
62500 0.0190936
63000 0.0199294
63500 0.0202760
64000 0.0346476
64500 0.0216382
65000 0.0151087
65500 0.0148181
66000 0.0193830
66500 0.0166537
67000 0.0148841
67500 0.0153403
68000 0.0243512
68500 0.0186154
69000 0.0277707
69500 0.0152783
70000 0.0158818
70500 0.0176940
71000 0.0194951
71500 0.0194094
72000 0.0164722
72500 0.0166703
73000 0.0170381
73500 0.0189545
74000 0.0207578
74500 0.0178081
75000 0.0201849
75500 0.0168848
76000 0.0182420
76500 0.0239564
77000 0.0245935
77500 0.0246521
78000 0.0263909
78500 0.0306969
79000 0.0248033
79500 0.0224683
80000 0.0232500
80500 0.0238446
81000 0.0182672
81500 0.0187551
82000 0.0221592
82500 0.0241025
83000 0.0214791
83500 0.0216531
84000 0.0234180
84500 0.0293808
85000 0.0361324
85500 0.0196225
86000 0.0223698
86500 0.0227809
87000 0.0258392
87500 0.0433019
88000 0.0519918
88500 0.0517738
89000 0.0492283
89500 0.0407667
90000 0.0414590
90500 0.0481266
91000 0.0417067
91500 0.0379287
92000 0.0350601
92500 0.0287350
93000 0.0235682
93500 0.0245113
94000 0.0252902
94500 0.0223961
95000 0.0238595
95500 0.0274067
96000 0.0236572
96500 0.0261033
97000 0.0225074
97500 0.0299500
98000 0.0245563
98500 0.0233356
99000 0.0228571
99500 0.0304501
100000 0.0243320
