500 0.0010708
1000 0.0009860
1500 0.0006617
2000 0.0015521
2500 0.0019467
3000 0.0043917
3500 0.0050502
4000 0.0067236
4500 0.0066183
5000 0.0058708
5500 0.0066841
6000 0.0008047
6500 0.0007922
7000 0.0008294
7500 0.0011783
8000 0.0010412
8500 0.0021187
9000 0.0011047
9500 0.0012009
10000 0.0013402
10500 0.0019216
11000 0.0015839
11500 0.0017247
12000 0.0015918
12500 0.0031463
13000 0.0018323
13500 0.0018444
14000 0.0018840
14500 0.0023342
15000 0.0020640
15500 0.0022060
16000 0.0022548
16500 0.0031825
17000 0.0025938
17500 0.0023952
18000 0.0041044
18500 0.0026971
19000 0.0031405
19500 0.0023709
20000 0.0021238
20500 0.0030299
21000 0.0023341
21500 0.0022064
22000 0.0028223
22500 0.0025276
23000 0.0037507
23500 0.0032336
24000 0.0044550
24500 0.0034852
25000 0.0042355
25500 0.0033711
26000 0.0033014
26500 0.0028952
27000 0.0036149
27500 0.0041057
28000 0.0057992
28500 0.0044042
29000 0.0045397
29500 0.0042829
30000 0.0046910
30500 0.0043647
31000 0.0048345
31500 0.0057790
32000 0.0036075
32500 0.0053160
33000 0.0047318
33500 0.0058529
34000 0.0072725
34500 0.0043402
35000 0.0040209
35500 0.0053013
36000 0.0043457
36500 0.0040880
37000 0.0053927
37500 0.0053504
38000 0.0045804
38500 0.0062157
39000 0.0076000
39500 0.0066815
40000 0.0061031
40500 0.0055872
41000 0.0062776
41500 0.0066075
42000 0.0054832
42500 0.0058712
43000 0.0077525
43500 0.0064481
44000 0.0072472
44500 0.0076549
45000 0.0059313
45500 0.0071899
46000 0.0075137
46500 0.0079042
47000 0.0087892
47500 0.0129439
48000 0.0108289
48500 0.0145723
49000 0.0101617
49500 0.0097236
50000 0.0096201
50500 0.0092139
51000 0.0112372
51500 0.0095609
52000 0.0095399
52500 0.0097886
53000 0.0202928
53500 0.0102064
54000 0.0111338
54500 0.0123738
55000 0.0126491
55500 0.0120247
56000 0.0116782
56500 0.0169526
57000 0.0129583
57500 0.0120860
58000 0.0116490
58500 0.0161084
59000 0.0120405
59500 0.0104020
60000 0.0111638
60500 0.0104259
61000 0.0102603
61500 0.0107083
62000 0.0090343
62500 0.0111345
63000 0.0108185
63500 0.0093029
64000 0.0094346
64500 0.0101025
65000 0.0126541
65500 0.0130935
66000 0.0108535
66500 0.0130884
67000 0.0115581
67500 0.0097394
68000 0.0106020
68500 0.0135010
69000 0.0137174
69500 0.0129308
70000 0.0143450
70500 0.0114501
71000 0.0116264
71500 0.0126149
72000 0.0106782
72500 0.0129330
73000 0.0178754
73500 0.0096055
74000 0.0130983
74500 0.0122261
75000 0.0126196
75500 0.0122888
76000 0.0154324
76500 0.0171092
77000 0.0135413
77500 0.0139904
78000 0.0126968
78500 0.0154049
79000 0.0104438
79500 0.0168895
80000 0.0147067
80500 0.0282384
81000 0.0329731
81500 0.0305744
82000 0.0420749
82500 0.0248300
83000 0.0154416
83500 0.0133333
84000 0.0149737
84500 0.0148676
85000 0.0139338
85500 0.0197366
86000 0.0112331
86500 0.0178611
87000 0.0166316
87500 0.0119599
88000 0.0150088
88500 0.0197228
89000 0.0177256
89500 0.0140964
90000 0.0169864
90500 0.0166158
91000 0.0158908
91500 0.0179506
92000 0.0168993
92500 0.0171632
93000 0.0138939
93500 0.0237420
94000 0.0246051
94500 0.0218782
95000 0.0303276
95500 0.0182605
96000 0.0189025
96500 0.0201832
97000 0.0758247
97500 0.0313966
98000 0.0247864
98500 0.0200677
99000 0.0178979
99500 0.0181322
100000 0.0161058
